{
 "cells": [
  {
   "cell_type": "code",
   "execution_count": 1,
   "metadata": {},
   "outputs": [
    {
     "name": "stdout",
     "output_type": "stream",
     "text": [
      "/local/home/ekoller/BT\n"
     ]
    }
   ],
   "source": [
    "import pickle\n",
    "\n",
    "import os \n",
    "import glob\n",
    "import random\n",
    "import pickle\n",
    "from sklearn.metrics.pairwise import cosine_similarity\n",
    "import cv2\n",
    "import numpy as np\n",
    "import os.path as osp\n",
    "import sys\n",
    "\n",
    "ws_dir = '/local/home/ekoller/BT'\n",
    "print(ws_dir)\n",
    "sys.path.append(ws_dir)\n",
    "from utils import scan3r\n",
    "\n",
    "data_dir ='/local/home/ekoller/R3Scan'\n",
    "scenes_dir = '/local/home/ekoller/R3Scan/scenes'\n",
    "#scan_id= \"38770c95-86d7-27b8-8717-3485b411ddc7\" #is reference scan  since it is a reference scan everything shouls be correctly hit\n",
    "curr_scan_id = \"02b33e01-be2b-2d54-93fb-4145a709cec5\" \n",
    "new_scan_id =  \"fcf66d8a-622d-291c-8429-0e1109c6bb26\"\n",
    "frame_number = \"000182\""
   ]
  },
  {
   "cell_type": "markdown",
   "metadata": {},
   "source": [
    "this codesegment does the following: given an image pose: find the closes pose: method if the pose is given in a rescan coordinate turn it into a reference coordinate for the comparison"
   ]
  },
  {
   "cell_type": "code",
   "execution_count": 2,
   "metadata": {},
   "outputs": [
    {
     "data": {
      "text/plain": [
       "'000182'"
      ]
     },
     "execution_count": 2,
     "metadata": {},
     "output_type": "execute_result"
    }
   ],
   "source": [
    "def pose_in_reference(data_dir,scan_id, pose_rescan):\n",
    "    #for rescan no need to change that\n",
    "    if scan3r.is_rescan(data_dir,scan_id):\n",
    "        return pose_rescan\n",
    "\n",
    "    #get the path to the matricies of each scan_id for transformation of rescan to reference\n",
    "    path = osp.join(data_dir,\"files\", \"3RScan.json\")\n",
    "    #access the particular rescan_scan_id\n",
    "    ref2_rescan_all_id = scan3r.read_transform_mat(path)\n",
    "    ref2rescan = ref2_rescan_all_id[scan_id] \n",
    "    rescan2ref = np.linalg.inv(ref2rescan)\n",
    "\n",
    "    #based on rayintersection where we transformed the extrinsic matrix we now just transforme the pose\n",
    "    pose_reference = pose_rescan * rescan2ref.transpose()\n",
    "\n",
    "    return pose_reference\n",
    "    \n",
    "\n",
    "pose_in_reference(data_dir,new_scan_id, frame_number)"
   ]
  },
  {
   "cell_type": "code",
   "execution_count": 10,
   "metadata": {},
   "outputs": [],
   "source": [
    "def rotational_difference(rot_1, rot_2):\n",
    "    # Rotation difference = acos((trace(R1^T * R2)-1)/2)\n",
    "    R = np.dot(rot_1.T, rot_2)  \n",
    "    trace_R = np.trace(R)\n",
    "    angle = np.arccos((trace_R - 1) / 2)\n",
    "    return angle\n"
   ]
  },
  {
   "cell_type": "code",
   "execution_count": 67,
   "metadata": {},
   "outputs": [],
   "source": [
    "#given a frame with a pose of a new scan id, find the closes pose in the current scan id\n",
    "def closest_pose(data_dir, curr_scan_id, new_scan_id, frame_number):\n",
    "    #get the pose of the frame\n",
    "    pose_rescan = scan3r.load_pose(osp.join(data_dir, \"scenes\"), new_scan_id, frame_number)\n",
    "    print(\"pose rescan shape\", pose_rescan.shape)\n",
    "\n",
    "    #transfrom it if necessary\n",
    "    pose_reference = pose_in_reference(data_dir,new_scan_id, pose_rescan)\n",
    "    print(\"pose referemce\", pose_reference)\n",
    "\n",
    "    #get all the poses of the current scan\n",
    "    curr_poses =scan3r.load_frame_poses_paths(data_dir, curr_scan_id)\n",
    "\n",
    "    #extrac the pose reference rotation and translation\n",
    "    ref_rot = pose_reference[:3,:3]\n",
    "\n",
    "    #get the camera position\n",
    "    ref_cam = scan3r.find_cam_centers([frame_number], [pose_reference])\n",
    "    \n",
    "\n",
    "    ref_trans = pose_reference[:3,3] \n",
    "\n",
    "\n",
    "    #initialize\n",
    "    min_distance = float('inf')\n",
    "    closest_matrix = None\n",
    "    closest_frame = None\n",
    "\n",
    "\n",
    "    #go through each of our poses\n",
    "    for frame, pose_path in curr_poses.items():\n",
    "        pose = np.loadtxt(pose_path)\n",
    "        print(\"pose\", pose)\n",
    "        frame_rot = pose[:3,:3]\n",
    "        print(\"frame_ rot\", frame_rot)\n",
    "        #frame_trans = pose[:3,3]\n",
    "        frame_trans = scan3r.find_cam_centers([frame], [pose])\n",
    "        print(\"frame trans\", frame_trans)\n",
    "\n",
    "        rot_diff = rotational_difference(ref_rot, frame_rot)\n",
    "        trans_diff = np.linalg.norm(ref_cam - frame_trans)\n",
    "\n",
    "        combined_metric = rot_diff + trans_diff\n",
    "\n",
    "        #update if necessary\n",
    "        if combined_metric < min_distance:\n",
    "            min_distance = combined_metric\n",
    "            closest_matrix = pose\n",
    "            closest_frame = frame\n",
    "\n",
    "    return closest_frame, min_distance,closest_matrix\n",
    "\n",
    "\n"
   ]
  },
  {
   "cell_type": "code",
   "execution_count": 68,
   "metadata": {},
   "outputs": [
    {
     "name": "stdout",
     "output_type": "stream",
     "text": [
      "pose rescan shape (4, 4)\n",
      "pose referemce [[ 0.458862  -0.711828  -0.531738  -0.68592  ]\n",
      " [-0.428059  -0.701539   0.569744   0.566052 ]\n",
      " [-0.778595  -0.0338187 -0.626615   0.0379922]\n",
      " [ 0.         0.         0.         1.       ]]\n",
      "pose [[-0.0287759  -0.947845    0.31743     0.114951  ]\n",
      " [ 0.00221559  0.317501    0.948256   -0.0669439 ]\n",
      " [-0.999583    0.0279901  -0.00703633  0.142472  ]\n",
      " [ 0.          0.          0.          1.        ]]\n",
      "frame_ rot [[-0.0287759  -0.947845    0.31743   ]\n",
      " [ 0.00221559  0.317501    0.948256  ]\n",
      " [-0.999583    0.0279901  -0.00703633]]\n",
      "frame trans [[ 0.11495095 -0.06694375  0.14247211]]\n",
      "pose [[ 0.00373418 -0.98635     0.164619    0.0811253 ]\n",
      " [ 0.154021    0.163223    0.974493   -0.0671852 ]\n",
      " [-0.988061    0.0217158   0.152528    0.192406  ]\n",
      " [ 0.          0.          0.          1.        ]]\n",
      "frame_ rot [[ 0.00373418 -0.98635     0.164619  ]\n",
      " [ 0.154021    0.163223    0.974493  ]\n",
      " [-0.988061    0.0217158   0.152528  ]]\n",
      "frame trans [[ 0.08112533 -0.06718513  0.19240581]]\n",
      "pose [[-0.0198496 -0.991896   0.125492   0.0558139]\n",
      " [ 0.118988   0.122281   0.985337  -0.0341455]\n",
      " [-0.992697   0.0344905  0.115596   0.208979 ]\n",
      " [ 0.         0.         0.         1.       ]]\n",
      "frame_ rot [[-0.0198496 -0.991896   0.125492 ]\n",
      " [ 0.118988   0.122281   0.985337 ]\n",
      " [-0.992697   0.0344905  0.115596 ]]\n",
      "frame trans [[ 0.0558139  -0.03414541  0.20897912]]\n",
      "pose [[-0.00633308 -0.896616    0.442763    0.0596661 ]\n",
      " [-0.00795867  0.442803    0.896584    0.0149588 ]\n",
      " [-0.999948    0.00215424 -0.00994018  0.195955  ]\n",
      " [ 0.          0.          0.          1.        ]]\n",
      "frame_ rot [[-0.00633308 -0.896616    0.442763  ]\n",
      " [-0.00795867  0.442803    0.896584  ]\n",
      " [-0.999948    0.00215424 -0.00994018]]\n",
      "frame trans [[0.05966611 0.01495878 0.1959551 ]]\n",
      "pose [[-0.0917385  -0.727435    0.680016    0.0741841 ]\n",
      " [-0.105761    0.686151    0.71973     0.0426111 ]\n",
      " [-0.990151   -0.00589227 -0.139881    0.163995  ]\n",
      " [ 0.          0.          0.          1.        ]]\n",
      "frame_ rot [[-0.0917385  -0.727435    0.680016  ]\n",
      " [-0.105761    0.686151    0.71973   ]\n",
      " [-0.990151   -0.00589227 -0.139881  ]]\n",
      "frame trans [[0.07418416 0.04261113 0.16399495]]\n",
      "pose [[-0.256528  -0.641309   0.72313    0.0689687]\n",
      " [-0.194386   0.76711    0.611356   0.0709255]\n",
      " [-0.946788   0.0162633 -0.321446   0.108282 ]\n",
      " [ 0.         0.         0.         1.       ]]\n",
      "frame_ rot [[-0.256528  -0.641309   0.72313  ]\n",
      " [-0.194386   0.76711    0.611356 ]\n",
      " [-0.946788   0.0162633 -0.321446 ]]\n",
      "frame trans [[0.06896852 0.07092544 0.108282  ]]\n",
      "pose [[-0.363995  -0.663122   0.654046   0.226946 ]\n",
      " [-0.301153   0.74829    0.591074  -0.0826608]\n",
      " [-0.881371   0.0181804 -0.472075   0.0130303]\n",
      " [ 0.         0.         0.         1.       ]]\n",
      "frame_ rot [[-0.363995  -0.663122   0.654046 ]\n",
      " [-0.301153   0.74829    0.591074 ]\n",
      " [-0.881371   0.0181804 -0.472075 ]]\n",
      "frame trans [[ 0.22694617 -0.08266089  0.01303033]]\n",
      "pose [[-0.311465   -0.743088    0.592292    0.30624   ]\n",
      " [-0.325272    0.669014    0.668295   -0.147037  ]\n",
      " [-0.892854    0.0154937  -0.45008     0.00672796]\n",
      " [ 0.          0.          0.          1.        ]]\n",
      "frame_ rot [[-0.311465  -0.743088   0.592292 ]\n",
      " [-0.325272   0.669014   0.668295 ]\n",
      " [-0.892854   0.0154937 -0.45008  ]]\n",
      "frame trans [[ 0.30624004 -0.14703713  0.00672767]]\n",
      "pose [[-0.253869   -0.834201    0.489551    0.370974  ]\n",
      " [-0.33017     0.550471    0.766792   -0.172396  ]\n",
      " [-0.909142    0.0330294  -0.415175    0.00669319]\n",
      " [ 0.          0.          0.          1.        ]]\n",
      "frame_ rot [[-0.253869  -0.834201   0.489551 ]\n",
      " [-0.33017    0.550471   0.766792 ]\n",
      " [-0.909142   0.0330294 -0.415175 ]]\n",
      "frame trans [[ 0.37097369 -0.17239601  0.00669306]]\n",
      "pose [[-0.188566  -0.851895   0.488588   0.403549 ]\n",
      " [-0.311228   0.523707   0.793012  -0.16543  ]\n",
      " [-0.931439  -0.0025271 -0.363888   0.0206578]\n",
      " [ 0.         0.         0.         1.       ]]\n",
      "frame_ rot [[-0.188566  -0.851895   0.488588 ]\n",
      " [-0.311228   0.523707   0.793012 ]\n",
      " [-0.931439  -0.0025271 -0.363888 ]]\n",
      "frame trans [[ 0.4035488  -0.16542991  0.02065793]]\n",
      "pose [[-0.166611  -0.845808   0.506804   0.421218 ]\n",
      " [-0.288176   0.533316   0.795317  -0.159149 ]\n",
      " [-0.942972  -0.0135404 -0.332598   0.0325341]\n",
      " [ 0.         0.         0.         1.       ]]\n",
      "frame_ rot [[-0.166611  -0.845808   0.506804 ]\n",
      " [-0.288176   0.533316   0.795317 ]\n",
      " [-0.942972  -0.0135404 -0.332598 ]]\n",
      "frame trans [[ 0.42121774 -0.15914899  0.03253399]]\n",
      "pose [[ 0.224306  -0.528209   0.818952   0.136049 ]\n",
      " [ 0.0808722  0.847556   0.524508   0.0477489]\n",
      " [-0.971157  -0.0514196  0.232829   0.0917075]\n",
      " [ 0.         0.         0.         1.       ]]\n",
      "frame_ rot [[ 0.224306  -0.528209   0.818952 ]\n",
      " [ 0.0808722  0.847556   0.524508 ]\n",
      " [-0.971157  -0.0514196  0.232829 ]]\n",
      "frame trans [[0.13604897 0.04774885 0.0917076 ]]\n",
      "pose [[ 0.302114  -0.426379   0.852601   0.0359305]\n",
      " [ 0.110858   0.90404    0.412822   0.154891 ]\n",
      " [-0.946804  -0.0302021  0.320391   0.11439  ]\n",
      " [ 0.         0.         0.         1.       ]]\n",
      "frame_ rot [[ 0.302114  -0.426379   0.852601 ]\n",
      " [ 0.110858   0.90404    0.412822 ]\n",
      " [-0.946804  -0.0302021  0.320391 ]]\n",
      "frame trans [[0.03593035 0.15489104 0.11438998]]\n",
      "pose [[ 0.413206  -0.427516   0.804047  -0.0633737]\n",
      " [ 0.1574     0.90319    0.399341   0.23547  ]\n",
      " [-0.896932  -0.0384528  0.440494   0.150527 ]\n",
      " [ 0.         0.         0.         1.       ]]\n",
      "frame_ rot [[ 0.413206  -0.427516   0.804047 ]\n",
      " [ 0.1574     0.90319    0.399341 ]\n",
      " [-0.896932  -0.0384528  0.440494 ]]\n",
      "frame trans [[-0.06337342  0.23546992  0.15052686]]\n",
      "pose [[ 0.519414  -0.427782   0.739738  -0.157469 ]\n",
      " [ 0.216545   0.903309   0.370325   0.279881 ]\n",
      " [-0.82663   -0.0321656  0.561826   0.194439 ]\n",
      " [ 0.         0.         0.         1.       ]]\n",
      "frame_ rot [[ 0.519414  -0.427782   0.739738 ]\n",
      " [ 0.216545   0.903309   0.370325 ]\n",
      " [-0.82663   -0.0321656  0.561826 ]]\n",
      "frame trans [[-0.15746922  0.27988122  0.19443903]]\n",
      "pose [[ 0.435832  -0.332454   0.836376  -0.217958 ]\n",
      " [ 0.186821   0.942455   0.277267   0.317482 ]\n",
      " [-0.880425   0.0354107  0.472861   0.216396 ]\n",
      " [ 0.         0.         0.         1.       ]]\n",
      "frame_ rot [[ 0.435832  -0.332454   0.836376 ]\n",
      " [ 0.186821   0.942455   0.277267 ]\n",
      " [-0.880425   0.0354107  0.472861 ]]\n",
      "frame trans [[-0.21795766  0.31748167  0.21639608]]\n",
      "pose [[ 0.219468  -0.335358   0.916171  -0.228652 ]\n",
      " [ 0.1091     0.941611   0.318536   0.36394  ]\n",
      " [-0.9695     0.0300455  0.243241   0.192858 ]\n",
      " [ 0.         0.         0.         1.       ]]\n",
      "frame_ rot [[ 0.219468  -0.335358   0.916171 ]\n",
      " [ 0.1091     0.941611   0.318536 ]\n",
      " [-0.9695     0.0300455  0.243241 ]]\n",
      "frame trans [[-0.22865214  0.36394046  0.19285828]]\n",
      "pose [[-0.298384   0.305144   0.904353   0.0277829]\n",
      " [ 0.0813787  0.952199  -0.294438   0.541812 ]\n",
      " [-0.95097   -0.0142608 -0.308954  -0.0218421]\n",
      " [ 0.         0.         0.         1.       ]]\n",
      "frame_ rot [[-0.298384   0.305144   0.904353 ]\n",
      " [ 0.0813787  0.952199  -0.294438 ]\n",
      " [-0.95097   -0.0142608 -0.308954 ]]\n",
      "frame trans [[ 0.02778297  0.54181246 -0.02184207]]\n",
      "pose [[-0.421112   0.409137   0.809489   0.0530558]\n",
      " [ 0.149703   0.911594  -0.382866   0.563797 ]\n",
      " [-0.894569  -0.0400465 -0.445132  -0.0513689]\n",
      " [ 0.         0.         0.         1.       ]]\n",
      "frame_ rot [[-0.421112   0.409137   0.809489 ]\n",
      " [ 0.149703   0.911594  -0.382866 ]\n",
      " [-0.894569  -0.0400465 -0.445132 ]]\n",
      "frame trans [[ 0.05305614  0.56379649 -0.05136895]]\n",
      "pose [[-0.595539    0.319604    0.737012    0.0628361 ]\n",
      " [ 0.194839    0.947523   -0.253453    0.602232  ]\n",
      " [-0.77934    -0.00734254 -0.626558   -0.0828079 ]\n",
      " [ 0.          0.          0.          1.        ]]\n",
      "frame_ rot [[-0.595539    0.319604    0.737012  ]\n",
      " [ 0.194839    0.947523   -0.253453  ]\n",
      " [-0.77934    -0.00734254 -0.626558  ]]\n",
      "frame trans [[ 0.06283608  0.6022317  -0.08280789]]\n",
      "pose [[-0.732487    0.201236    0.65036     0.0554618 ]\n",
      " [ 0.151779    0.979541   -0.132146    0.642786  ]\n",
      " [-0.663646    0.00191546 -0.748044   -0.10297   ]\n",
      " [ 0.          0.          0.          1.        ]]\n",
      "frame_ rot [[-0.732487    0.201236    0.65036   ]\n",
      " [ 0.151779    0.979541   -0.132146  ]\n",
      " [-0.663646    0.00191546 -0.748044  ]]\n",
      "frame trans [[ 0.0554615   0.64278596 -0.10296988]]\n",
      "pose [[-0.829321    0.1561      0.536526    0.03802   ]\n",
      " [ 0.134766    0.987718   -0.0790631   0.655463  ]\n",
      " [-0.542278    0.00673644 -0.840172   -0.13058   ]\n",
      " [ 0.          0.          0.          1.        ]]\n",
      "frame_ rot [[-0.829321    0.1561      0.536526  ]\n",
      " [ 0.134766    0.987718   -0.0790631 ]\n",
      " [-0.542278    0.00673644 -0.840172  ]]\n",
      "frame trans [[ 0.03802056  0.65546319 -0.13057981]]\n",
      "pose [[-0.868425   0.10511    0.484552   0.0235089]\n",
      " [ 0.101847   0.994248  -0.0331411  0.681745 ]\n",
      " [-0.485249   0.0205698 -0.874134  -0.153675 ]\n",
      " [ 0.         0.         0.         1.       ]]\n",
      "frame_ rot [[-0.868425   0.10511    0.484552 ]\n",
      " [ 0.101847   0.994248  -0.0331411]\n",
      " [-0.485249   0.0205698 -0.874134 ]]\n",
      "frame trans [[ 0.02350882  0.68174485 -0.15367509]]\n",
      "pose [[ 7.69210e-02  6.00925e-01  7.95595e-01 -9.02186e-02]\n",
      " [-5.78354e-02  7.99305e-01 -5.98136e-01  6.43276e-01]\n",
      " [-9.95358e-01 -4.40748e-06  9.62381e-02  1.35698e-01]\n",
      " [ 0.00000e+00  0.00000e+00  0.00000e+00  1.00000e+00]]\n",
      "frame_ rot [[ 7.69210e-02  6.00925e-01  7.95595e-01]\n",
      " [-5.78354e-02  7.99305e-01 -5.98136e-01]\n",
      " [-9.95358e-01 -4.40748e-06  9.62381e-02]]\n",
      "frame trans [[-0.09021841  0.64327591  0.13569813]]\n",
      "pose [[ 0.351654   0.588372   0.728119  -0.0853927]\n",
      " [-0.181305   0.805876  -0.563642   0.696928 ]\n",
      " [-0.918405   0.0661949  0.390064   0.187258 ]\n",
      " [ 0.         0.         0.         1.       ]]\n",
      "frame_ rot [[ 0.351654   0.588372   0.728119 ]\n",
      " [-0.181305   0.805876  -0.563642 ]\n",
      " [-0.918405   0.0661949  0.390064 ]]\n",
      "frame trans [[-0.0853925   0.69692806  0.18725817]]\n",
      "pose [[ 0.497093   0.53129    0.686025  -0.0604444]\n",
      " [-0.166809   0.834393  -0.525323   0.731248 ]\n",
      " [-0.851513   0.146699   0.503395   0.209936 ]\n",
      " [ 0.         0.         0.         1.       ]]\n",
      "frame_ rot [[ 0.497093  0.53129   0.686025]\n",
      " [-0.166809  0.834393 -0.525323]\n",
      " [-0.851513  0.146699  0.503395]]\n",
      "frame trans [[-0.06044464  0.73124723  0.20993592]]\n",
      "pose [[ 0.546589  0.460343  0.699518 -0.036369]\n",
      " [-0.163012  0.877855 -0.45033   0.765489]\n",
      " [-0.821381  0.132116  0.554868  0.222026]\n",
      " [ 0.        0.        0.        1.      ]]\n",
      "frame_ rot [[ 0.546589  0.460343  0.699518]\n",
      " [-0.163012  0.877855 -0.45033 ]\n",
      " [-0.821381  0.132116  0.554868]]\n",
      "frame trans [[-0.03636912  0.76548945  0.22202611]]\n",
      "pose [[ 0.487599    0.274332    0.828848   -0.00730067]\n",
      " [-0.0310852   0.954205   -0.297535    0.797643  ]\n",
      " [-0.872514    0.119313    0.473797    0.230966  ]\n",
      " [ 0.          0.          0.          1.        ]]\n",
      "frame_ rot [[ 0.487599   0.274332   0.828848 ]\n",
      " [-0.0310852  0.954205  -0.297535 ]\n",
      " [-0.872514   0.119313   0.473797 ]]\n",
      "frame trans [[-0.00730115  0.79764253  0.23096592]]\n",
      "pose [[ 0.375466   0.0328774  0.926253   0.0250161]\n",
      " [ 0.0268996  0.998563  -0.0463481  0.84294  ]\n",
      " [-0.926446   0.0423179  0.374042   0.238438 ]\n",
      " [ 0.         0.         0.         1.       ]]\n",
      "frame_ rot [[ 0.375466   0.0328774  0.926253 ]\n",
      " [ 0.0268996  0.998563  -0.0463481]\n",
      " [-0.926446   0.0423179  0.374042 ]]\n",
      "frame trans [[0.02501615 0.84294019 0.23843797]]\n",
      "pose [[ 0.413831  -0.0197579  0.910139   0.0166505]\n",
      " [ 0.0178501  0.999748   0.0135869  0.870483 ]\n",
      " [-0.910179   0.0106233  0.41408    0.249161 ]\n",
      " [ 0.         0.         0.         1.       ]]\n",
      "frame_ rot [[ 0.413831  -0.0197579  0.910139 ]\n",
      " [ 0.0178501  0.999748   0.0135869]\n",
      " [-0.910179   0.0106233  0.41408  ]]\n",
      "frame trans [[0.01665049 0.87048364 0.24916086]]\n",
      "pose [[ 0.642143   0.261646   0.720551  -0.03188  ]\n",
      " [-0.157067   0.964915  -0.210403   0.878917 ]\n",
      " [-0.750321   0.0219343  0.66071    0.274215 ]\n",
      " [ 0.         0.         0.         1.       ]]\n",
      "frame_ rot [[ 0.642143   0.261646   0.720551 ]\n",
      " [-0.157067   0.964915  -0.210403 ]\n",
      " [-0.750321   0.0219343  0.66071  ]]\n",
      "frame trans [[-0.03188076  0.87891664  0.27421488]]\n",
      "pose [[ 0.617055  0.655523  0.435353 -0.109121]\n",
      " [-0.449199  0.747665 -0.489099  0.844951]\n",
      " [-0.646114  0.106241  0.755811  0.323455]\n",
      " [ 0.        0.        0.        1.      ]]\n",
      "frame_ rot [[ 0.617055  0.655523  0.435353]\n",
      " [-0.449199  0.747665 -0.489099]\n",
      " [-0.646114  0.106241  0.755811]]\n",
      "frame trans [[-0.10912143  0.84495059  0.32345475]]\n",
      "pose [[ 0.497789  0.772951  0.393387 -0.122797]\n",
      " [-0.471356  0.621851 -0.6254    0.818884]\n",
      " [-0.728031  0.125891  0.673886  0.329848]\n",
      " [ 0.        0.        0.        1.      ]]\n",
      "frame_ rot [[ 0.497789  0.772951  0.393387]\n",
      " [-0.471356  0.621851 -0.6254  ]\n",
      " [-0.728031  0.125891  0.673886]]\n",
      "frame trans [[-0.1227971   0.81888414  0.32984885]]\n",
      "pose [[ 0.420199   0.798239   0.431564  -0.108062 ]\n",
      " [-0.44862    0.596144  -0.665847   0.801995 ]\n",
      " [-0.78878    0.0861803  0.608605   0.325109 ]\n",
      " [ 0.         0.         0.         1.       ]]\n",
      "frame_ rot [[ 0.420199   0.798239   0.431564 ]\n",
      " [-0.44862    0.596144  -0.665847 ]\n",
      " [-0.78878    0.0861803  0.608605 ]]\n",
      "frame trans [[-0.10806205  0.801995    0.32510824]]\n",
      "pose [[ 0.316428   0.85475    0.411431  -0.0965365]\n",
      " [-0.407074   0.514103  -0.754976   0.781361 ]\n",
      " [-0.856834   0.0714122  0.510623   0.315139 ]\n",
      " [ 0.         0.         0.         1.       ]]\n",
      "frame_ rot [[ 0.316428   0.85475    0.411431 ]\n",
      " [-0.407074   0.514103  -0.754976 ]\n",
      " [-0.856834   0.0714122  0.510623 ]]\n",
      "frame trans [[-0.09653588  0.78136104  0.31513896]]\n",
      "pose [[ 0.157441   0.89931    0.407987  -0.0798639]\n",
      " [-0.209778   0.434168  -0.876066   0.729835 ]\n",
      " [-0.96499    0.0523423  0.257011   0.283821 ]\n",
      " [ 0.         0.         0.         1.       ]]\n",
      "frame_ rot [[ 0.157441   0.89931    0.407987 ]\n",
      " [-0.209778   0.434168  -0.876066 ]\n",
      " [-0.96499    0.0523423  0.257011 ]]\n",
      "frame trans [[-0.07986428  0.7298347   0.28382068]]\n",
      "pose [[ 0.0804675  0.909487   0.407871  -0.066522 ]\n",
      " [-0.0872282  0.414054  -0.906063   0.691779 ]\n",
      " [-0.992933   0.0373307  0.112651   0.251415 ]\n",
      " [ 0.         0.         0.         1.       ]]\n",
      "frame_ rot [[ 0.0804675  0.909487   0.407871 ]\n",
      " [-0.0872282  0.414054  -0.906063 ]\n",
      " [-0.992933   0.0373307  0.112651 ]]\n",
      "frame trans [[-0.06652259  0.69177937  0.25141521]]\n",
      "pose [[-0.270562   0.944295   0.187359  -0.0558932]\n",
      " [ 0.684903   0.325575  -0.65185    0.558814 ]\n",
      " [-0.676538  -0.0480431 -0.734839  -0.0557583]\n",
      " [ 0.         0.         0.         1.       ]]\n",
      "frame_ rot [[-0.270562   0.944295   0.187359 ]\n",
      " [ 0.684903   0.325575  -0.65185  ]\n",
      " [-0.676538  -0.0480431 -0.734839 ]]\n",
      "frame trans [[-0.05589328  0.55881423 -0.05575844]]\n",
      "pose [[-0.233846   0.971635   0.0352355 -0.112155 ]\n",
      " [ 0.764584   0.20616   -0.610663   0.55734  ]\n",
      " [-0.600606  -0.11586   -0.791106  -0.109388 ]\n",
      " [ 0.         0.         0.         1.       ]]\n",
      "frame_ rot [[-0.233846   0.971635   0.0352355]\n",
      " [ 0.764584   0.20616   -0.610663 ]\n",
      " [-0.600606  -0.11586   -0.791106 ]]\n",
      "frame trans [[-0.11215511  0.55734004 -0.10938779]]\n",
      "pose [[-0.0951943  0.993607  -0.0606937 -0.189718 ]\n",
      " [ 0.806059   0.0411617 -0.590402   0.54924  ]\n",
      " [-0.584129  -0.105126  -0.804824  -0.136982 ]\n",
      " [ 0.         0.         0.         1.       ]]\n",
      "frame_ rot [[-0.0951943  0.993607  -0.0606937]\n",
      " [ 0.806059   0.0411617 -0.590402 ]\n",
      " [-0.584129  -0.105126  -0.804824 ]]\n",
      "frame trans [[-0.18971796  0.54924006 -0.13698216]]\n",
      "pose [[ 0.0319989  0.994113  -0.10351   -0.239924 ]\n",
      " [ 0.830891  -0.0840182 -0.550056   0.542834 ]\n",
      " [-0.555515  -0.0684041 -0.828688  -0.153971 ]\n",
      " [ 0.         0.         0.         1.       ]]\n",
      "frame_ rot [[ 0.0319989  0.994113  -0.10351  ]\n",
      " [ 0.830891  -0.0840182 -0.550056 ]\n",
      " [-0.555515  -0.0684041 -0.828688 ]]\n",
      "frame trans [[-0.2399244   0.54283373 -0.15397075]]\n",
      "pose [[ 0.163825  0.949679 -0.266966 -0.254104]\n",
      " [ 0.794021 -0.287534 -0.535589  0.544388]\n",
      " [-0.585399 -0.124234 -0.80117  -0.145844]\n",
      " [ 0.        0.        0.        1.      ]]\n",
      "frame_ rot [[ 0.163825  0.949679 -0.266966]\n",
      " [ 0.794021 -0.287534 -0.535589]\n",
      " [-0.585399 -0.124234 -0.80117 ]]\n",
      "frame trans [[-0.25410387  0.54438752 -0.14584428]]\n",
      "pose [[ 0.349176  0.839502 -0.416307 -0.247183]\n",
      " [ 0.695213 -0.529971 -0.485603  0.531957]\n",
      " [-0.628295 -0.119861 -0.768686 -0.129155]\n",
      " [ 0.        0.        0.        1.      ]]\n",
      "frame_ rot [[ 0.349176  0.839502 -0.416307]\n",
      " [ 0.695213 -0.529971 -0.485603]\n",
      " [-0.628295 -0.119861 -0.768686]]\n",
      "frame trans [[-0.24718316  0.53195666 -0.12915513]]\n",
      "pose [[ 0.768091  -0.12439   -0.628143   0.0455601]\n",
      " [-0.0710944 -0.991452   0.109402   0.353776 ]\n",
      " [-0.636382  -0.0393732 -0.770369  -0.091658 ]\n",
      " [ 0.         0.         0.         1.       ]]\n",
      "frame_ rot [[ 0.768091  -0.12439   -0.628143 ]\n",
      " [-0.0710944 -0.991452   0.109402 ]\n",
      " [-0.636382  -0.0393732 -0.770369 ]]\n",
      "frame trans [[ 0.04556023  0.35377591 -0.09165792]]\n",
      "pose [[ 0.741593  -0.209652  -0.637249   0.156842 ]\n",
      " [-0.13996   -0.977361   0.15867    0.317107 ]\n",
      " [-0.656088  -0.028479  -0.754147  -0.0756148]\n",
      " [ 0.         0.         0.         1.       ]]\n",
      "frame_ rot [[ 0.741593 -0.209652 -0.637249]\n",
      " [-0.13996  -0.977361  0.15867 ]\n",
      " [-0.656088 -0.028479 -0.754147]]\n",
      "frame trans [[ 0.15684191  0.31710714 -0.07561471]]\n",
      "pose [[ 0.787735  -0.296989  -0.539696   0.303285 ]\n",
      " [-0.227249  -0.954416   0.193515   0.304442 ]\n",
      " [-0.572566  -0.029793  -0.819317  -0.0884716]\n",
      " [ 0.         0.         0.         1.       ]]\n",
      "frame_ rot [[ 0.787735 -0.296989 -0.539696]\n",
      " [-0.227249 -0.954416  0.193515]\n",
      " [-0.572566 -0.029793 -0.819317]]\n",
      "frame trans [[ 0.30328486  0.30444203 -0.08847158]]\n",
      "pose [[ 0.867984  -0.324972  -0.375496   0.422897 ]\n",
      " [-0.276451  -0.944352   0.178253   0.306089 ]\n",
      " [-0.412527  -0.0509151 -0.909521  -0.113364 ]\n",
      " [ 0.         0.         0.         1.       ]]\n",
      "frame_ rot [[ 0.867984  -0.324972  -0.375496 ]\n",
      " [-0.276451  -0.944352   0.178253 ]\n",
      " [-0.412527  -0.0509151 -0.909521 ]]\n",
      "frame trans [[ 0.42289707  0.30608921 -0.11336448]]\n",
      "pose [[ 0.85902   -0.388407  -0.333505   0.49024  ]\n",
      " [-0.322172  -0.916418   0.237452   0.326914 ]\n",
      " [-0.397858  -0.0965301 -0.912355  -0.11628  ]\n",
      " [ 0.         0.         0.         1.       ]]\n",
      "frame_ rot [[ 0.85902   -0.388407  -0.333505 ]\n",
      " [-0.322172  -0.916418   0.237452 ]\n",
      " [-0.397858  -0.0965301 -0.912355 ]]\n",
      "frame trans [[ 0.49023968  0.32691417 -0.11627993]]\n",
      "pose [[ 0.645293  -0.478809  -0.595263   0.524299 ]\n",
      " [-0.294737  -0.87492    0.384246   0.335885 ]\n",
      " [-0.704788  -0.0725053 -0.705703  -0.0708635]\n",
      " [ 0.         0.         0.         1.       ]]\n",
      "frame_ rot [[ 0.645293  -0.478809  -0.595263 ]\n",
      " [-0.294737  -0.87492    0.384246 ]\n",
      " [-0.704788  -0.0725053 -0.705703 ]]\n",
      "frame trans [[ 0.52429932  0.33588481 -0.07086363]]\n",
      "pose [[ 0.47875   -0.609981  -0.631444   0.191888 ]\n",
      " [-0.34718   -0.792135   0.501984   0.287816 ]\n",
      " [-0.80639   -0.0211003 -0.591008  -0.0363866]\n",
      " [ 0.         0.         0.         1.       ]]\n",
      "frame_ rot [[ 0.47875   -0.609981  -0.631444 ]\n",
      " [-0.34718   -0.792135   0.501984 ]\n",
      " [-0.80639   -0.0211003 -0.591008 ]]\n",
      "frame trans [[ 0.19188799  0.28781606 -0.03638665]]\n",
      "pose [[ 0.395658  -0.700833  -0.593538   0.0659882]\n",
      " [-0.343214  -0.712283   0.612255   0.288416 ]\n",
      " [-0.851856  -0.0385335 -0.522357  -0.0244814]\n",
      " [ 0.         0.         0.         1.       ]]\n",
      "frame_ rot [[ 0.395658  -0.700833  -0.593538 ]\n",
      " [-0.343214  -0.712283   0.612255 ]\n",
      " [-0.851856  -0.0385335 -0.522357 ]]\n",
      "frame trans [[ 0.0659884   0.28841629 -0.02448143]]\n",
      "pose [[ 0.333216  -0.783492  -0.524506  -0.0505121]\n",
      " [-0.341641  -0.618827   0.707344   0.279744 ]\n",
      " [-0.878777  -0.0565061 -0.473876  -0.0313036]\n",
      " [ 0.         0.         0.         1.       ]]\n",
      "frame_ rot [[ 0.333216  -0.783492  -0.524506 ]\n",
      " [-0.341641  -0.618827   0.707344 ]\n",
      " [-0.878777  -0.0565061 -0.473876 ]]\n",
      "frame trans [[-0.05051202  0.27974372 -0.03130368]]\n",
      "pose [[ 0.305708  -0.81637   -0.489982  -0.164819 ]\n",
      " [-0.371094  -0.576085   0.728296   0.247822 ]\n",
      " [-0.876831  -0.0408163 -0.479064  -0.0409619]\n",
      " [ 0.         0.         0.         1.       ]]\n",
      "frame_ rot [[ 0.305708  -0.81637   -0.489982 ]\n",
      " [-0.371094  -0.576085   0.728296 ]\n",
      " [-0.876831  -0.0408163 -0.479064 ]]\n",
      "frame trans [[-0.1648191   0.24782209 -0.04096191]]\n",
      "pose [[ 0.239144  -0.886379  -0.396411  -0.264459 ]\n",
      " [-0.368453  -0.460562   0.807542   0.216975 ]\n",
      " [-0.898361  -0.0470602 -0.43673   -0.019514 ]\n",
      " [ 0.         0.         0.         1.       ]]\n",
      "frame_ rot [[ 0.239144  -0.886379  -0.396411 ]\n",
      " [-0.368453  -0.460562   0.807542 ]\n",
      " [-0.898361  -0.0470602 -0.43673  ]]\n",
      "frame trans [[-0.26445933  0.21697537 -0.01951399]]\n",
      "pose [[-0.027841   -0.991384   -0.127997   -0.598197  ]\n",
      " [ 0.162472   -0.130832    0.978001    0.155548  ]\n",
      " [-0.98632     0.00643248  0.164714    0.121622  ]\n",
      " [ 0.          0.          0.          1.        ]]\n",
      "frame_ rot [[-0.027841   -0.991384   -0.127997  ]\n",
      " [ 0.162472   -0.130832    0.978001  ]\n",
      " [-0.98632     0.00643248  0.164714  ]]\n",
      "frame trans [[-0.5981967   0.15554815  0.12162228]]\n",
      "pose [[-0.0211816 -0.996927   0.0754173 -0.572667 ]\n",
      " [ 0.288493   0.0661308  0.955196   0.131946 ]\n",
      " [-0.957248   0.0419898  0.286205   0.172013 ]\n",
      " [ 0.         0.         0.         1.       ]]\n",
      "frame_ rot [[-0.0211816 -0.996927   0.0754173]\n",
      " [ 0.288493   0.0661308  0.955196 ]\n",
      " [-0.957248   0.0419898  0.286205 ]]\n",
      "frame trans [[-0.57266709  0.13194598  0.17201311]]\n",
      "pose [[ 0.0172338 -0.984121   0.176658  -0.556963 ]\n",
      " [ 0.323995   0.172648   0.930172   0.0961008]\n",
      " [-0.945902   0.0412059  0.321825   0.22038  ]\n",
      " [ 0.         0.         0.         1.       ]]\n",
      "frame_ rot [[ 0.0172338 -0.984121   0.176658 ]\n",
      " [ 0.323995   0.172648   0.930172 ]\n",
      " [-0.945902   0.0412059  0.321825 ]]\n",
      "frame trans [[-0.55696337  0.09610068  0.22038004]]\n",
      "pose [[ 0.0177613 -0.989799   0.141361  -0.574247 ]\n",
      " [ 0.254801   0.141196   0.95663    0.0690908]\n",
      " [-0.96683    0.0190278  0.254709   0.239991 ]\n",
      " [ 0.         0.         0.         1.       ]]\n",
      "frame_ rot [[ 0.0177613 -0.989799   0.141361 ]\n",
      " [ 0.254801   0.141196   0.95663  ]\n",
      " [-0.96683    0.0190278  0.254709 ]]\n",
      "frame trans [[-0.57424676  0.06909089  0.2399913 ]]\n",
      "pose [[-0.0260266 -0.997932   0.058765  -0.616138 ]\n",
      " [ 0.141235   0.0545245  0.988473   0.0650179]\n",
      " [-0.989634   0.0340262  0.139524   0.228382 ]\n",
      " [ 0.         0.         0.         1.       ]]\n",
      "frame_ rot [[-0.0260266 -0.997932   0.058765 ]\n",
      " [ 0.141235   0.0545245  0.988473 ]\n",
      " [-0.989634   0.0340262  0.139524 ]]\n",
      "frame trans [[-0.61613865  0.06501796  0.22838202]]\n",
      "pose [[-0.00655317 -0.999976   -0.0020914  -0.688031  ]\n",
      " [ 0.0324252  -0.00230284  0.999472    0.0939406 ]\n",
      " [-0.999453    0.0064818   0.0324396   0.199341  ]\n",
      " [ 0.          0.          0.          1.        ]]\n",
      "frame_ rot [[-0.00655317 -0.999976   -0.0020914 ]\n",
      " [ 0.0324252  -0.00230284  0.999472  ]\n",
      " [-0.999453    0.0064818   0.0324396 ]]\n",
      "frame trans [[-0.68803149  0.09394049  0.19934093]]\n",
      "pose [[-0.0158855 -0.998897   0.0441739 -0.85825  ]\n",
      " [-0.107389   0.0456284  0.993169   0.240983 ]\n",
      " [-0.99409    0.0110331 -0.107996   0.157791 ]\n",
      " [ 0.         0.         0.         1.       ]]\n",
      "frame_ rot [[-0.0158855 -0.998897   0.0441739]\n",
      " [-0.107389   0.0456284  0.993169 ]\n",
      " [-0.99409    0.0110331 -0.107996 ]]\n",
      "frame trans [[-0.85825096  0.24098332  0.15779123]]\n",
      "pose [[-0.0779038 -0.983537   0.163051  -0.989165 ]\n",
      " [-0.514445   0.17975    0.838473   0.453403 ]\n",
      " [-0.853977  -0.0185605 -0.519979   0.0117695]\n",
      " [ 0.         0.         0.         1.       ]]\n",
      "frame_ rot [[-0.0779038 -0.983537   0.163051 ]\n",
      " [-0.514445   0.17975    0.838473 ]\n",
      " [-0.853977  -0.0185605 -0.519979 ]]\n",
      "frame trans [[-0.98916547  0.45340299  0.01176959]]\n",
      "pose [[-0.082662  -0.983648   0.160011  -0.993711 ]\n",
      " [-0.623047   0.176322   0.762052   0.459004 ]\n",
      " [-0.777804  -0.0367015 -0.627434  -0.0392784]\n",
      " [ 0.         0.         0.         1.       ]]\n",
      "frame_ rot [[-0.082662  -0.983648   0.160011 ]\n",
      " [-0.623047   0.176322   0.762052 ]\n",
      " [-0.777804  -0.0367015 -0.627434 ]]\n",
      "frame trans [[-0.9937112   0.4590041  -0.03927849]]\n",
      "pose [[-0.1515    -0.964764   0.215125  -0.980442 ]\n",
      " [-0.68565    0.259335   0.680168   0.442733 ]\n",
      " [-0.711991  -0.0444552 -0.70078   -0.0646857]\n",
      " [ 0.         0.         0.         1.       ]]\n",
      "frame_ rot [[-0.1515    -0.964764   0.215125 ]\n",
      " [-0.68565    0.259335   0.680168 ]\n",
      " [-0.711991  -0.0444552 -0.70078  ]]\n",
      "frame trans [[-0.98044143  0.44273343 -0.06468545]]\n",
      "pose [[-0.158452  -0.950331   0.267889  -0.973964 ]\n",
      " [-0.59021    0.308671   0.745905   0.40917  ]\n",
      " [-0.791546  -0.0399208 -0.609804  -0.0399831]\n",
      " [ 0.         0.         0.         1.       ]]\n",
      "frame_ rot [[-0.158452  -0.950331   0.267889 ]\n",
      " [-0.59021    0.308671   0.745905 ]\n",
      " [-0.791546  -0.0399208 -0.609804 ]]\n",
      "frame trans [[-0.97396348  0.40917012 -0.03998293]]\n",
      "pose [[-0.0860264 -0.981094   0.173359  -0.972993 ]\n",
      " [-0.48872    0.193186   0.850783   0.382166 ]\n",
      " [-0.868189  -0.0115343 -0.4961     0.0044154]\n",
      " [ 0.         0.         0.         1.       ]]\n",
      "frame_ rot [[-0.0860264 -0.981094   0.173359 ]\n",
      " [-0.48872    0.193186   0.850783 ]\n",
      " [-0.868189  -0.0115343 -0.4961   ]]\n",
      "frame trans [[-0.97299369  0.38216617  0.00441555]]\n",
      "pose [[ 0.00481307 -0.999738    0.0223951  -0.976433  ]\n",
      " [-0.386342    0.0187973   0.922164    0.361216  ]\n",
      " [-0.922343   -0.0130907  -0.38615     0.0492369 ]\n",
      " [ 0.          0.          0.          1.        ]]\n",
      "frame_ rot [[ 0.00481307 -0.999738    0.0223951 ]\n",
      " [-0.386342    0.0187973   0.922164  ]\n",
      " [-0.922343   -0.0130907  -0.38615   ]]\n",
      "frame trans [[-0.97643228  0.36121611  0.04923696]]\n",
      "pose [[ 0.135182 -0.896352  0.422232 -0.996114]\n",
      " [ 0.435845  0.436495  0.78709   0.195184]\n",
      " [-0.889812  0.077627  0.449677  0.276871]\n",
      " [ 0.        0.        0.        1.      ]]\n",
      "frame_ rot [[ 0.135182 -0.896352  0.422232]\n",
      " [ 0.435845  0.436495  0.78709 ]\n",
      " [-0.889812  0.077627  0.449677]]\n",
      "frame trans [[-0.99611312  0.19518394  0.27687114]]\n",
      "pose [[ 0.182781  -0.876847   0.444668  -0.983612 ]\n",
      " [ 0.488254   0.473529   0.733061   0.169839 ]\n",
      " [-0.853346   0.0831212  0.514676   0.294753 ]\n",
      " [ 0.         0.         0.         1.       ]]\n",
      "frame_ rot [[ 0.182781  -0.876847   0.444668 ]\n",
      " [ 0.488254   0.473529   0.733061 ]\n",
      " [-0.853346   0.0831212  0.514676 ]]\n",
      "frame trans [[-0.98361276  0.16983894  0.29475303]]\n",
      "pose [[ 0.0939261 -0.954958   0.281483  -0.990247 ]\n",
      " [ 0.604855   0.279307   0.745746   0.133963 ]\n",
      " [-0.790777   0.100212   0.603846   0.32067  ]\n",
      " [ 0.         0.         0.         1.       ]]\n",
      "frame_ rot [[ 0.0939261 -0.954958   0.281483 ]\n",
      " [ 0.604855   0.279307   0.745746 ]\n",
      " [-0.790777   0.100212   0.603846 ]]\n",
      "frame trans [[-0.99024728  0.13396309  0.32066928]]\n",
      "pose [[-0.0368653 -0.994848   0.094434  -1.00916  ]\n",
      " [ 0.626166   0.0506508  0.778043   0.120219 ]\n",
      " [-0.778818   0.087814   0.621073   0.336552 ]\n",
      " [ 0.         0.         0.         1.       ]]\n",
      "frame_ rot [[-0.0368653 -0.994848   0.094434 ]\n",
      " [ 0.626166   0.0506508  0.778043 ]\n",
      " [-0.778818   0.087814   0.621073 ]]\n",
      "frame trans [[-1.0091607   0.12021904  0.33655204]]\n",
      "pose [[-0.126656  -0.98892   -0.0774271 -1.02954  ]\n",
      " [ 0.578566  -0.137052   0.804039   0.136426 ]\n",
      " [-0.805742   0.0570394  0.589514   0.338518 ]\n",
      " [ 0.         0.         0.         1.       ]]\n",
      "frame_ rot [[-0.126656  -0.98892   -0.0774271]\n",
      " [ 0.578566  -0.137052   0.804039 ]\n",
      " [-0.805742   0.0570394  0.589514 ]]\n",
      "frame trans [[-1.02954068  0.13642614  0.33851817]]\n",
      "pose [[-0.0961196 -0.573462  -0.813574  -0.970758 ]\n",
      " [-0.0799544 -0.810269   0.580579   0.29821  ]\n",
      " [-0.992153   0.120854   0.0320319  0.207279 ]\n",
      " [ 0.         0.         0.         1.       ]]\n",
      "frame_ rot [[-0.0961196 -0.573462  -0.813574 ]\n",
      " [-0.0799544 -0.810269   0.580579 ]\n",
      " [-0.992153   0.120854   0.0320319]]\n",
      "frame trans [[-0.97075759  0.29820958  0.20727906]]\n",
      "pose [[-0.0219864 -0.484807  -0.874345  -0.952796 ]\n",
      " [-0.139432  -0.864522   0.482867   0.280291 ]\n",
      " [-0.989988   0.132528  -0.04859    0.162551 ]\n",
      " [ 0.         0.         0.         1.       ]]\n",
      "frame_ rot [[-0.0219864 -0.484807  -0.874345 ]\n",
      " [-0.139432  -0.864522   0.482867 ]\n",
      " [-0.989988   0.132528  -0.04859  ]]\n",
      "frame trans [[-0.95279552  0.28029055  0.162551  ]]\n",
      "pose [[ 0.0340347 -0.3838    -0.922789  -0.913914 ]\n",
      " [-0.167678  -0.912429   0.373307   0.238019 ]\n",
      " [-0.985254   0.142026  -0.0954089  0.140161 ]\n",
      " [ 0.         0.         0.         1.       ]]\n",
      "frame_ rot [[ 0.0340347 -0.3838    -0.922789 ]\n",
      " [-0.167678  -0.912429   0.373307 ]\n",
      " [-0.985254   0.142026  -0.0954089]]\n",
      "frame trans [[-0.91391362  0.23801864  0.14016094]]\n",
      "pose [[ 0.161943  -0.280859  -0.945988  -0.864553 ]\n",
